NPortrait = {
	CUSTOM_HAIR_COLORS_RGB = {	# Hair colors available for use in the barber shop
		0.949 0.900 0.867
		0.886 0.725 0.584
		0.827 0.592 0.423
		0.741 0.474 0.302
		0.592 0.314 0.176
		0.329 0.263 0.196
		0.341 0.227 0.149
		0.286 0.137 0.066
		0.145 0.086 0.050
		0.086 0.059 0.035
        
        # New
		0.0 0.0 0.0
        1.0 0.0 0.0
        0.0 1.0 0.0
        0.0 0.0 1.0
        1.0 1.0 0.0
        0.0 1.0 1.0
        1.0 0.0 1.0
        0.753 0.753 0.753
        0.502 0.502 0.502
        0.502 0.0 0.0
        0.502 0.502 0.0
        0.0 0.502 0.0
        0.502 0.0 0.502
        0.0 0.502 0.502
        0.0 0.0 0.502
	}
}

